960 7.71313 -2.7138 16.4403 6 0 0 0.210035 60 10 64 19 58 15
679 5.09205 -6.25848 44.5012 16 8 2 0.1619 59 22 51 36
617 5.00955 -7.01599 42.2923 35 32 33 0.718644 58 17 50 191 57 18 51 192
613 10.8137 4.68846 31.0525 0 0 0 0.663283 53 169 58 215 62 304
596 16.0146 -6.3573 38.8784 6 3 4 0.676983 54 208 50 23 52 21
586 17.1345 -4.06862 31.4953 50 28 22 1.03302 62 368 54 215 61 344 55 380
429 24.1361 -2.80166 72.6258 25 18 5 0.400227 53 79 49 219 57 296 58 327 59 340 54 261 50 246 51 83 52 81 55 270 56 249 60 347 48 199 47 210 46 61 45 66 68 660 70 698 69 683 71 517
593 2.34588 0.239171 4.06835 47 35 31 0.146319 58 377 54 144 55 315 60 400
830 -8.28234 2.84168 34.4215 45 42 41 0.170546 50 150 48 243 52 319 51 300
1111 -13.96 -6.15654 37.1841 11 8 4 0.794132 67 20 71 34 64 14 68 369
1 18.844 -5.81268 33.9252 16 5 0 0.00917305 61 7 45 18
335 2.35111 -2.51093 13.4444 31 30 25 0.471124 61 319 53 536 55 517
1044 14.3553 -7.55198 45.0001 0 0 0 0.587119 52 359 67 393 65 345 66 345 64 342 69 631
785 15.9033 -4.26049 26.2686 0 0 0 0.20002 53 216 58 261
1055 20.4987 -10.6343 64.6241 23 24 21 0.0346055 67 16 68 17
591 9.65804 1.06679 15.0814 79 76 75 0.834965 58 184 54 156 55 139 59 191
907 -8.25414 -3.27729 22.9903 53 53 56 0.000410856 49 29 46 23
796 6.90676 2.23981 27.7813 211 205 182 0.399369 52 146 59 195 58 192 60 210
325 9.81591 4.62295 29.1483 55 51 41 0.569162 57 184 53 173 58 412 59 414 54 352 55 346 60 448 56 153
1056 20.4987 -10.6343 64.6241 23 24 21 0.0346055 67 17 68 18
1098 2.12287 -0.0974978 -0.365062 13 10 2 3.8783e-05 65 0 69 398
25 5.57661 -6.8292 33.0889 255 254 241 0.862116 61 534 45 245 62 557 63 571 58 431 59 440 57 398 60 474 46 266 50 321 51 315 52 347
1188 15.06 -12.9505 60.6754 255 254 246 1.28549 53 381 68 601 54 370 71 429 55 362 70 636 56 343
1003 2.41483 -0.785728 4.48786 0 0 0 0.0512895 59 624 63 16 61 13
334 2.35111 -2.51093 13.4444 31 30 25 0.471124 61 318 53 535 55 516
966 11.5505 -5.37531 32.8842 0 0 0 0.0402136 49 17 63 20
160 23.2828 -3.72616 71.2908 69 66 59 0.521005 45 171 57 275 53 262 58 299 59 313 61 593 62 605 63 615 49 206 54 69 50 239 51 235 52 241 55 254 56 233 60 521 48 189 47 200 46 194 64 596 65 397 66 407 67 452 68 436 70 488 71 491
1108 25.9535 -10.8856 64.3859 27 23 15 0.260708 55 10 71 24 56 15
1159 -1.8738 -8.46707 54.7306 0 0 0 0.0984559 67 26 71 44 66 20
1062 1.67881 0.0411287 0.468232 49 34 26 0.113294 60 535 65 689 69 895
974 -3.29936 -3.0808 17.8046 60 58 52 0.055195 62 7 65 12
816 26.1332 2.95945 45.3412 87 80 73 0.00567888 56 126 48 98 47 114
26 5.57661 -6.8292 33.0889 255 254 241 0.312327 61 535 45 246 62 558 63 572 58 432 59 441 57 399 60 475 46 267
1096 2.12288 -0.0974924 -0.36503 56 43 23 8.4549e-05 65 233 69 270
1181 3.35577 -2.10996 9.76028 0 0 0 0.422601 62 862 69 917 61 825 60 760 67 759 65 706 66 737
959 4.34119 -2.53246 13.1338 32 25 18 0.128782 62 341 64 2
774 -7.63429 -4.31601 25.5845 14 11 10 0.433813 51 7 55 7
1113 20.8246 -5.68019 71.1192 19 11 5 0.148466 63 99 68 95 61 79 71 117
732 -0.327038 0.0554186 0.0225154 0 0 0 0.000399542 53 8 54 16
969 8.42222 -9.4896 45.9133 255 249 239 0.26212 49 287 64 557 65 563 48 261
956 -5.15405 -2.97927 17.583 11 7 3 0.00309966 48 140 64 15
734 14.094 6.9513 46.1477 0 0 0 0.278663 51 152 53 353 52 162
906 -8.25414 -3.27729 22.9903 53 53 56 0.000410856 49 28 46 22
629 9.75829 -7.7632 43.6096 0 0 0 0.310379 49 296 58 441 57 552 59 620 48 268
787 10.9363 -3.19054 18.6314 5 2 0 0.186786 59 11 56 364
1020 7.65483 -8.15139 39.3685 254 254 246 0.317022 51 316 66 580 50 322 67 606 69 620 52 348
783 5.79346 -5.14001 33.9748 10 7 5 0.0754303 52 33 56 29 51 202
733 -0.327038 0.0554186 0.0225154 0 0 0 0.000399542 53 7 54 17
1110 12.4349 -10.4291 62.1106 29 25 31 0.515313 69 410 71 27
794 -7.80256 -4.31529 26.2202 0 0 0 1.46939 52 13 55 11 53 16
